(169, 213, 239)
(250, 196, 128)
(202, 208, 234)
(255, 177, 69)
(209, 221, 248)
(178, 204, 246)
(135, 167, 218)
(148, 163, 217)
(110, 146, 216)
(247, 148, 22)
(249, 150, 25)
(116, 145, 227)
(145, 172, 216)
(248, 158, 42)
(254, 221, 175)
(134, 170, 224)
(113, 151, 214)
(252, 205, 144)
(202, 212, 230)
(120, 148, 208)
(119, 148, 213)
(203, 217, 240)
(144, 167, 195)
(255, 217, 169)
(186, 189, 228)
(252, 201, 135)
(251, 183, 97)
(164, 178, 231)
(254, 162, 45)
(252, 222, 182)
(156, 201, 236)
(129, 157, 201)
(178, 193, 220)
(210, 226, 238)
(206, 221, 232)
(186, 200, 224)
(251, 189, 111)
(201, 214, 238)
(144, 172, 209)
(254, 231, 202)
(202, 224, 246)
(253, 227, 193)
(255, 176, 75)
(255, 197, 114)
(251, 156, 36)
(249, 156, 36)
(247, 150, 26)
(255, 174, 63)
(187, 213, 227)
(169, 183, 236)
(254, 172, 69)
(157, 174, 235)
(185, 208, 231)
(201, 231, 236)
(159, 175, 212)
(123, 150, 212)
(250, 184, 101)
(255, 179, 81)
(185, 215, 248)
(250, 180, 90)
(175, 188, 231)
(250, 158, 40)
(219, 234, 249)
(151, 174, 217)
(202, 217, 231)
(255, 245, 232)
(255, 177, 76)
(221, 226, 248)
(253, 176, 74)
(206, 236, 241)
(129, 152, 225)
(118, 148, 220)
(182, 198, 243)
(253, 213, 164)
(160, 173, 232)
(151, 169, 220)
(255, 254, 252)
(205, 224, 249)
(133, 160, 199)
(133, 169, 224)
(164, 191, 225)
(190, 205, 220)
(168, 172, 220)
(224, 239, 248)
(122, 147, 202)
(255, 169, 59)
(172, 197, 239)
(251, 200, 134)
(251, 197, 128)
(124, 150, 210)
(157, 172, 210)
(193, 215, 238)
(122, 149, 201)
(254, 195, 117)
(181, 213, 233)
(140, 161, 211)
(253, 228, 197)
(159, 180, 221)
(152, 173, 206)
(174, 209, 240)
(130, 153, 228)
(247, 149, 23)
(121, 170, 223)
(255, 162, 42)
(251, 163, 49)
(206, 218, 237)
(168, 178, 208)
(198, 217, 244)
(121, 164, 212)
(253, 229, 199)
(179, 202, 239)
(166, 189, 218)
(128, 147, 201)
(252, 216, 171)
(254, 169, 60)
(192, 212, 230)
(191, 220, 234)
(196, 210, 230)
(125, 160, 216)
(248, 160, 45)
(251, 184, 99)
(161, 169, 231)
(254, 174, 70)
(253, 231, 204)
(200, 216, 241)
(114, 162, 231)
(136, 164, 224)
(205, 216, 236)
(207, 224, 247)
(250, 185, 102)
(255, 198, 120)
(252, 209, 154)
(129, 153, 215)
(250, 182, 95)
(178, 191, 213)
(201, 205, 231)
(249, 159, 42)
(167, 179, 224)
(126, 148, 193)
(255, 240, 191)
(252, 155, 31)
(255, 167, 52)
(191, 194, 220)
(121, 143, 205)
(187, 222, 252)
(191, 203, 229)
(255, 179, 67)
(120, 148, 198)
(248, 161, 50)
(187, 209, 247)
(250, 195, 124)
(249, 172, 73)
(253, 166, 54)
(253, 217, 171)
(248, 157, 39)
(247, 154, 33)
(255, 172, 54)
(94, 142, 222)
(255, 165, 51)
(220, 241, 254)
(179, 220, 251)
(160, 178, 208)
(254, 200, 121)
(121, 166, 233)
(248, 152, 30)
(130, 164, 221)
(127, 145, 200)
(128, 172, 207)
(159, 182, 208)
(214, 219, 231)
(204, 221, 229)
(154, 175, 219)
(120, 155, 226)
(249, 182, 96)
(117, 151, 218)
(122, 159, 219)
(249, 151, 27)
(116, 145, 207)
(145, 175, 228)
(138, 177, 218)
(207, 229, 236)
(141, 173, 215)
(133, 166, 228)
(202, 204, 234)
(146, 170, 220)
(145, 169, 229)
(252, 207, 151)
(249, 160, 46)
(180, 219, 243)
(166, 185, 217)
(159, 171, 207)
(169, 188, 238)
(116, 152, 204)
(121, 151, 217)
(133, 159, 230)
(219, 240, 250)
(109, 146, 210)
(112, 148, 222)
(116, 145, 208)
(255, 194, 115)
(121, 146, 205)
(253, 223, 186)
(150, 165, 224)
(164, 176, 204)
(190, 223, 238)
(183, 208, 222)
(120, 146, 200)
(130, 155, 220)
(114, 151, 215)
(200, 217, 232)
(155, 172, 211)
(184, 222, 243)
(166, 182, 206)
(180, 213, 245)
(255, 211, 150)
(118, 152, 223)
(159, 180, 225)
(253, 224, 185)
(254, 157, 31)
(250, 190, 113)
(249, 181, 94)
(189, 215, 245)
(251, 204, 143)
(189, 218, 243)
(163, 179, 222)
(255, 226, 187)
(247, 152, 29)
(180, 195, 227)
(128, 152, 201)
(190, 205, 227)
(139, 175, 210)
(250, 155, 34)
(131, 164, 225)
(170, 184, 210)
(130, 154, 218)
(252, 211, 158)
(143, 174, 228)
(253, 162, 46)
(183, 213, 238)
(254, 156, 28)
(162, 174, 223)
(124, 148, 214)
(133, 152, 225)
(183, 212, 233)
(155, 181, 214)
(255, 173, 69)
(113, 148, 221)
(252, 200, 133)
(150, 172, 216)
(186, 190, 231)
(127, 150, 215)
(228, 255, 255)
(198, 227, 240)
(164, 187, 206)
(128, 149, 207)
(245, 240, 252)
(172, 191, 224)
(253, 164, 51)
(183, 216, 243)
(254, 158, 35)
(161, 179, 204)
(251, 199, 131)
(129, 155, 220)
(251, 173, 73)
(164, 181, 207)
(191, 190, 225)
(254, 191, 110)
(253, 169, 60)
(174, 193, 229)
(208, 221, 231)
(247, 153, 33)
(255, 178, 71)
(255, 157, 32)
(120, 167, 231)
(252, 202, 138)
(124, 141, 212)
(147, 182, 226)
(253, 171, 65)
(252, 182, 91)
(175, 206, 240)
(247, 151, 29)
(163, 180, 209)
(252, 171, 69)
(135, 165, 218)
(113, 151, 225)
(253, 180, 85)
(249, 178, 86)
(223, 227, 247)
(253, 225, 190)
(117, 152, 220)
(196, 199, 235)
(253, 153, 25)
(138, 163, 203)
(248, 157, 42)
(255, 236, 206)
(223, 247, 250)
(248, 154, 34)
(209, 227, 247)
(255, 190, 96)
(187, 206, 233)
(255, 222, 170)
(124, 171, 213)
(254, 211, 152)
(140, 157, 209)
(255, 184, 91)
(188, 204, 230)
(162, 184, 217)
(253, 232, 207)
(250, 201, 139)
(149, 169, 190)
(106, 146, 219)
(255, 208, 130)
(197, 205, 228)
(249, 164, 54)
(208, 213, 235)
(126, 158, 222)
(136, 168, 214)
(176, 191, 222)
(119, 165, 229)
(249, 161, 49)
(174, 206, 232)
(162, 182, 237)
(182, 213, 232)
(255, 170, 58)
(128, 145, 202)
(255, 178, 76)
(126, 156, 206)
(169, 174, 198)
(146, 163, 213)
(255, 198, 124)
(254, 219, 173)
(250, 173, 76)
(135, 155, 226)
(249, 159, 46)
(248, 165, 59)
(121, 158, 216)
(255, 196, 121)
(138, 176, 221)
(158, 183, 203)
(148, 175, 236)
(227, 228, 251)
(172, 182, 203)
(252, 204, 143)
(193, 206, 227)
(249, 163, 56)
(162, 196, 238)
(255, 166, 50)
(144, 171, 235)
(219, 224, 239)
(216, 238, 251)
(252, 226, 192)
(107, 154, 203)
(157, 178, 224)
(112, 157, 221)
(162, 179, 208)
(163, 182, 202)
(180, 202, 238)
(247, 148, 21)
(253, 211, 158)
(250, 192, 118)
(252, 217, 172)
(111, 157, 226)
(174, 180, 217)
(248, 158, 43)
(120, 147, 202)
(208, 214, 240)
(254, 182, 90)
(254, 201, 128)
(160, 182, 221)
(182, 200, 239)
(192, 227, 250)
(179, 204, 249)
(113, 147, 213)
(166, 182, 226)
(246, 146, 18)
(200, 197, 234)
(166, 183, 211)
(156, 182, 229)
(251, 159, 40)
(152, 167, 196)
(183, 212, 244)
(119, 149, 218)
(140, 167, 218)
(253, 230, 200)
(252, 215, 169)
(200, 226, 240)
(184, 200, 225)
(167, 183, 206)
(249, 152, 29)
(172, 178, 216)
(254, 233, 207)
(185, 198, 222)
(187, 210, 229)
(121, 153, 221)
(253, 227, 194)
(253, 226, 191)
(252, 220, 178)
(144, 169, 196)
(254, 245, 234)
(119, 153, 208)
(210, 219, 234)
(125, 153, 201)
(152, 173, 237)
(253, 160, 40)
(123, 153, 219)
(111, 147, 215)
(253, 158, 37)
(189, 190, 220)
(219, 225, 253)
(200, 218, 248)
(218, 221, 242)
(247, 147, 21)
(248, 150, 24)
(255, 192, 112)
(227, 232, 241)
(225, 240, 250)
(217, 232, 239)
(131, 163, 214)
(219, 234, 248)
(195, 228, 252)
(105, 151, 220)
(255, 198, 114)
(251, 151, 23)
(179, 183, 229)
(190, 217, 233)
(251, 209, 154)
(171, 190, 226)
(153, 183, 225)
(249, 176, 84)
(250, 174, 76)
(104, 140, 214)
(107, 137, 203)
(118, 150, 224)
(254, 208, 147)
(255, 161, 40)
(145, 163, 215)
(145, 166, 210)
(255, 186, 96)
(127, 153, 216)
(145, 184, 227)
(156, 180, 220)
(122, 158, 219)
(197, 226, 247)
(247, 155, 35)
(255, 160, 38)
(165, 176, 200)
(253, 182, 93)
(185, 197, 231)
(254, 242, 225)
(127, 149, 202)
(181, 211, 233)
(128, 162, 216)
(162, 178, 205)
(251, 197, 129)
(224, 234, 252)
(184, 204, 242)
(183, 211, 232)
(188, 224, 252)
(189, 201, 238)
(249, 169, 66)
(255, 173, 65)
(203, 214, 231)
(140, 167, 211)
(156, 185, 209)
(169, 200, 235)
(166, 181, 216)
(166, 179, 232)
(160, 190, 226)
(134, 155, 215)
(250, 177, 83)
(200, 227, 240)
(105, 147, 216)
(158, 199, 220)
(255, 171, 53)
(115, 146, 228)
(119, 151, 221)
(251, 202, 140)
(123, 153, 210)
(193, 218, 247)
(136, 150, 208)
(218, 221, 235)
(163, 186, 226)
(248, 160, 46)
(255, 180, 78)
(254, 164, 48)
(81, 142, 211)
(181, 190, 220)
(189, 225, 246)
(255, 198, 123)
(255, 176, 68)
(160, 202, 239)
(250, 186, 103)
(149, 168, 207)
(177, 195, 214)
(253, 161, 44)
(254, 234, 207)
(250, 173, 75)
(252, 155, 30)
(255, 196, 116)
(119, 154, 228)
(196, 206, 217)
(160, 181, 210)
(251, 203, 142)
(109, 148, 219)
(252, 213, 163)
(142, 170, 219)
(201, 225, 250)
(146, 169, 225)
(157, 181, 229)
(250, 191, 114)
(178, 209, 232)
(189, 223, 251)
(132, 186, 230)
(252, 154, 29)
(209, 220, 235)
(173, 189, 229)
(216, 227, 249)
(147, 173, 224)
(212, 226, 251)
(172, 198, 236)
(151, 168, 190)
(248, 158, 44)
(159, 178, 221)
(255, 188, 97)
(254, 166, 54)
(117, 146, 210)
(167, 186, 214)
(138, 171, 219)
(110, 159, 223)
(226, 248, 253)
(248, 152, 31)
(174, 182, 215)
(108, 155, 221)
(143, 159, 215)
(232, 234, 252)
(127, 145, 201)
(249, 171, 72)
(255, 237, 206)
(150, 186, 222)
(201, 208, 244)
(253, 232, 203)
(216, 220, 236)
(253, 222, 182)
(130, 155, 225)
(200, 206, 241)
(116, 145, 206)
(255, 240, 222)
(251, 196, 126)
(134, 166, 219)
(140, 161, 220)
(210, 225, 244)
(184, 205, 237)
(124, 155, 217)
(254, 250, 243)
(228, 249, 252)
(252, 225, 190)
(185, 215, 239)
(127, 150, 201)
(111, 159, 222)
(255, 207, 139)
(124, 159, 215)
(176, 187, 214)
(198, 220, 231)
(105, 144, 212)
(187, 214, 243)
(255, 220, 172)
(161, 172, 209)
(123, 146, 201)
(230, 251, 253)
(183, 199, 238)
(129, 164, 208)
(201, 226, 238)
(218, 221, 249)
(105, 146, 209)
(160, 201, 232)
(255, 161, 30)
(255, 166, 54)
(165, 174, 218)
(169, 174, 219)
(147, 164, 190)
(166, 178, 214)
(255, 204, 137)
(199, 213, 248)
(125, 152, 205)
(255, 177, 74)
(187, 201, 241)
(202, 210, 238)
(122, 156, 211)
(127, 157, 218)
(109, 149, 208)
(135, 177, 222)
(197, 227, 251)
(255, 164, 43)
(250, 190, 114)
(157, 174, 220)
(249, 181, 95)
(167, 197, 234)
(168, 188, 233)
(247, 155, 36)
(142, 169, 221)
(250, 199, 133)
(124, 156, 211)
(250, 155, 33)
(212, 212, 246)
(165, 179, 217)
(117, 168, 234)
(255, 189, 99)
(200, 224, 248)
(254, 162, 42)
(147, 186, 220)
(115, 162, 228)
(131, 154, 225)
(210, 208, 247)
(192, 225, 249)
(119, 152, 220)
(154, 176, 234)
(253, 228, 195)
(253, 159, 40)
(248, 162, 52)
(177, 189, 212)
(255, 178, 81)
(250, 181, 92)
(184, 203, 239)
(147, 170, 218)
(116, 153, 219)
(251, 187, 106)
(253, 164, 50)
(111, 157, 220)
(142, 159, 222)
(213, 235, 245)
(247, 150, 25)
(255, 200, 127)
(181, 200, 238)
(254, 169, 58)
(148, 170, 227)
(254, 191, 109)
(116, 154, 214)
(219, 225, 249)
(157, 182, 206)
(177, 196, 211)
(251, 207, 151)
(151, 183, 215)
(153, 182, 209)
(221, 224, 242)
(123, 147, 216)
(126, 149, 223)
(254, 244, 230)
(121, 141, 200)
(247, 151, 26)
(125, 159, 222)
(130, 149, 210)
(229, 236, 247)
(144, 170, 230)
(139, 182, 221)
(254, 181, 85)
(180, 214, 242)
(125, 150, 202)
(142, 170, 208)
(249, 162, 52)
(216, 241, 247)
(212, 218, 232)
(183, 198, 219)
(253, 225, 191)
(107, 155, 214)
(255, 217, 165)
(194, 221, 244)
(252, 165, 56)
(248, 157, 41)
(223, 247, 251)
(248, 154, 35)
(201, 220, 248)
(117, 168, 227)
(113, 149, 218)
(178, 194, 222)
(182, 201, 241)
(106, 160, 218)
(167, 178, 200)
(127, 152, 209)
(158, 170, 223)
(255, 221, 163)
(124, 145, 203)
(251, 205, 144)
(130, 148, 187)
(155, 181, 206)
(162, 188, 203)
(141, 169, 221)
(255, 184, 90)
(253, 183, 94)
(251, 152, 26)
(249, 173, 76)
(254, 176, 75)
(122, 152, 224)
(248, 163, 55)
(251, 163, 50)
(151, 167, 227)
(162, 180, 231)
(252, 216, 168)
(251, 195, 123)
(182, 210, 222)
(255, 182, 85)
(147, 173, 214)
(126, 146, 203)
(130, 145, 199)
(194, 205, 219)
(170, 178, 211)
(169, 194, 229)
(198, 221, 234)
(119, 149, 212)
(162, 188, 210)
(133, 143, 200)
(158, 170, 232)
(180, 196, 224)
(161, 174, 224)
(255, 185, 93)
(166, 185, 215)
(187, 210, 239)
(116, 147, 213)
(170, 197, 214)
(204, 232, 246)
(139, 183, 235)
(125, 153, 199)
(255, 183, 86)
(250, 178, 86)
(252, 198, 131)
(252, 204, 144)
(194, 212, 237)
(109, 142, 219)
(193, 225, 248)
(180, 205, 243)
(145, 169, 198)
(126, 149, 205)
(255, 249, 241)
(254, 234, 210)
(196, 208, 219)
(197, 225, 243)
(201, 200, 241)
(254, 217, 166)
(159, 181, 206)
(255, 187, 96)
(203, 207, 238)
(250, 192, 119)
(250, 183, 99)
(224, 245, 253)
(151, 169, 215)
(254, 202, 135)
(197, 227, 240)
(184, 191, 232)
(255, 181, 68)
(113, 157, 224)
(154, 164, 221)
(183, 210, 230)
(214, 240, 251)
(162, 182, 206)
(173, 187, 213)
(160, 176, 222)
(184, 215, 243)
(139, 160, 228)
(167, 173, 220)
(156, 183, 208)
(250, 156, 36)
(248, 166, 60)
(182, 197, 223)
(124, 150, 217)
(118, 149, 203)
(124, 170, 223)
(255, 175, 72)
(255, 188, 94)
(251, 167, 59)
(194, 228, 251)
(196, 216, 238)
(137, 162, 227)
(178, 188, 241)
(255, 170, 50)
(255, 166, 45)
(123, 170, 230)
(157, 181, 203)
(150, 171, 201)
(193, 211, 247)
(254, 161, 37)
(177, 213, 232)
(198, 212, 236)
(249, 160, 45)
(163, 190, 232)
(254, 233, 206)
(172, 204, 237)
(252, 171, 63)
(248, 155, 36)
(253, 227, 195)
(255, 176, 73)
(217, 241, 248)
(253, 185, 98)
(252, 220, 179)
(156, 191, 234)
(197, 198, 237)
(161, 181, 214)
(248, 159, 46)
(143, 163, 212)
(254, 239, 220)
(253, 223, 183)
(205, 217, 226)
(204, 205, 238)
(248, 150, 25)
(149, 177, 221)
(255, 199, 121)
(106, 154, 230)
(153, 187, 236)
(129, 159, 211)
(123, 154, 206)
(195, 214, 237)
(116, 152, 216)
(188, 188, 231)
(255, 177, 78)
(250, 186, 105)
(252, 202, 140)
(249, 166, 60)
(183, 188, 223)
(174, 192, 213)
(145, 175, 223)
(102, 144, 202)
(180, 208, 240)
(140, 165, 233)
(160, 170, 236)
(195, 226, 246)
(135, 160, 207)
(250, 174, 77)
(207, 220, 229)
(179, 214, 235)
(158, 192, 235)
(250, 193, 119)
(187, 186, 229)
(249, 179, 88)
(128, 164, 216)
(133, 160, 217)
(124, 167, 223)
(163, 178, 206)
(217, 221, 241)
(165, 186, 207)
(162, 170, 238)
(126, 169, 222)
(253, 177, 79)
(174, 210, 243)
(212, 225, 248)
(185, 197, 228)
(254, 242, 226)
(207, 221, 231)
(252, 211, 157)
(126, 160, 206)
(139, 163, 226)
(183, 213, 235)
(146, 168, 203)
(255, 175, 67)
(206, 228, 237)
(254, 173, 65)
(253, 218, 176)
(171, 195, 211)
(252, 163, 51)
(108, 144, 212)
(150, 177, 229)
(249, 183, 97)
(189, 200, 230)
(183, 215, 243)
(193, 203, 240)
(138, 163, 214)
(255, 162, 44)
(255, 208, 132)
(213, 232, 243)
(248, 156, 37)
(253, 229, 197)
(124, 163, 241)
(164, 184, 221)
(254, 229, 197)
(114, 144, 208)
(250, 184, 98)
(254, 232, 197)
(112, 154, 224)
(175, 214, 234)
(183, 185, 212)
(207, 224, 245)
(185, 219, 242)
(105, 157, 221)
(168, 177, 208)
(127, 160, 215)
(189, 224, 252)
(185, 213, 245)
(204, 212, 250)
(165, 190, 209)
(97, 134, 210)
(219, 235, 244)
(195, 210, 238)
(157, 182, 219)
(118, 156, 216)
(129, 159, 225)
(189, 212, 243)
(172, 177, 201)
(114, 149, 211)
(248, 153, 31)
(155, 176, 237)
(119, 146, 203)
(250, 191, 113)
(147, 175, 226)
(247, 154, 35)
(204, 216, 246)
(254, 180, 82)
(134, 159, 227)
(192, 225, 246)
(251, 210, 157)
(159, 183, 205)
(182, 205, 238)
(164, 185, 236)
(255, 213, 159)
(251, 205, 148)
(170, 170, 222)
(249, 154, 32)
(255, 212, 150)
(140, 169, 207)
(249, 165, 57)
(214, 233, 251)
(165, 199, 231)
(255, 208, 141)
(112, 148, 225)
(200, 197, 236)
(254, 157, 33)
(220, 226, 239)
(255, 240, 221)
(201, 217, 234)
(134, 170, 222)
(251, 196, 125)
(254, 171, 67)
(255, 182, 89)
(252, 199, 132)
(249, 161, 50)
(142, 163, 207)
(167, 187, 213)
(138, 170, 220)
(166, 191, 218)
(191, 197, 218)
(243, 244, 247)
(255, 216, 161)
(255, 178, 75)
(160, 189, 230)
(255, 237, 214)
(248, 155, 35)
(97, 149, 218)
(252, 158, 36)
(210, 230, 243)
(158, 181, 209)
(251, 201, 136)
(175, 210, 226)
(175, 209, 234)
(118, 147, 219)
(157, 198, 226)
(249, 163, 53)
(190, 212, 241)
(251, 164, 51)
(207, 225, 238)
(126, 159, 201)
(142, 172, 209)
(252, 206, 146)
(168, 202, 237)
(160, 177, 212)
(252, 208, 151)
(137, 161, 202)
(133, 157, 210)
(190, 188, 227)
(223, 228, 254)
(129, 177, 229)
(253, 152, 23)
(110, 146, 214)
(115, 140, 214)
(153, 178, 225)
(249, 176, 82)
(251, 157, 36)
(179, 214, 238)
(107, 143, 225)
(169, 180, 220)
(252, 205, 146)
(253, 198, 130)
(108, 143, 221)
(197, 211, 229)
(248, 153, 33)
(255, 205, 135)
(247, 155, 37)
(253, 177, 80)
(153, 174, 229)
(178, 215, 233)
(252, 160, 42)
(212, 221, 243)
(252, 211, 160)
(252, 222, 184)
(112, 151, 224)
(208, 227, 245)
(194, 198, 225)
(179, 213, 245)
(150, 176, 219)
(255, 186, 95)
(251, 198, 131)
(168, 173, 216)
(184, 205, 229)
(232, 250, 254)
(220, 227, 239)
(151, 166, 229)
(155, 181, 208)
(181, 209, 247)
(255, 192, 106)
(166, 193, 229)
(157, 181, 207)
(255, 178, 80)
(251, 206, 148)
(157, 177, 218)
(154, 179, 229)
(123, 151, 213)
(191, 215, 236)
(254, 237, 215)
(155, 177, 214)
(219, 228, 241)
(247, 150, 24)
(251, 202, 138)
(210, 238, 253)
(139, 162, 205)
(178, 199, 239)
(173, 196, 238)
(121, 147, 200)
(128, 150, 200)
(123, 157, 219)
(250, 180, 92)
(254, 207, 147)
(118, 144, 201)
(116, 152, 220)
(210, 218, 231)
(181, 197, 229)
(102, 143, 223)
(200, 220, 233)
(165, 188, 211)
(247, 151, 27)
(247, 157, 40)
(117, 167, 229)
(129, 176, 225)
(252, 193, 119)
(182, 202, 241)
(161, 178, 224)
(111, 143, 203)
(180, 214, 243)
(169, 170, 223)
(250, 194, 121)
(252, 218, 175)
(127, 153, 221)
(139, 167, 212)
(178, 208, 231)
(174, 194, 222)
(191, 225, 245)
(203, 234, 249)
(203, 204, 237)
(253, 225, 188)
(184, 206, 242)
(235, 245, 253)
(201, 227, 239)
(135, 162, 219)
(248, 157, 40)
(255, 169, 57)
(255, 172, 63)
(204, 221, 245)
(115, 140, 192)
(251, 200, 136)
(142, 162, 214)
(185, 199, 227)
(252, 161, 45)
(130, 156, 218)
(164, 173, 223)
(255, 221, 164)
(113, 157, 222)
(226, 226, 240)
(251, 205, 145)
(163, 179, 206)
(162, 175, 223)
(249, 173, 77)
(255, 159, 30)
(119, 145, 209)
(163, 183, 199)
(192, 208, 219)
(255, 171, 54)
(161, 172, 238)
(210, 226, 242)
(164, 192, 224)
(180, 209, 233)
(182, 213, 234)
(110, 137, 200)
(255, 170, 60)
(202, 216, 243)
(211, 211, 228)
(124, 153, 208)
(123, 147, 208)
(154, 184, 201)
(160, 195, 232)
(252, 227, 194)
(157, 172, 230)
(185, 207, 240)
(164, 188, 213)
(144, 169, 217)
(127, 152, 226)
(173, 203, 235)
(125, 148, 199)
(248, 165, 57)
(255, 228, 187)
(255, 183, 87)
(197, 230, 236)
(109, 154, 216)
(203, 226, 245)
(105, 146, 203)
(177, 194, 208)
(145, 169, 199)
(180, 215, 243)
(120, 152, 223)
(201, 224, 246)
(255, 215, 154)
(120, 146, 195)
(194, 221, 252)
(172, 195, 230)
(128, 162, 212)
(247, 148, 19)
(182, 216, 243)
(255, 187, 97)
(113, 149, 210)
(249, 175, 80)
(147, 174, 231)
(124, 148, 198)
(137, 157, 196)
(205, 227, 251)
(254, 224, 184)
(180, 189, 221)
(158, 194, 228)
(170, 187, 238)
(164, 188, 227)
(184, 215, 242)
(248, 166, 61)
(113, 147, 215)
(249, 175, 79)
(255, 175, 73)
(164, 179, 211)
(194, 224, 239)
(170, 188, 217)
(252, 212, 161)
(160, 174, 200)
(219, 230, 245)
(206, 216, 234)
(208, 233, 250)
(155, 182, 209)
(125, 151, 202)
(170, 187, 213)
(188, 223, 241)
(113, 156, 215)
(160, 172, 203)
(149, 164, 221)
(141, 171, 229)
(162, 185, 226)
(129, 157, 215)
(105, 144, 219)
(158, 175, 236)
(251, 191, 114)
(161, 185, 207)
(108, 158, 212)
(252, 219, 177)
(253, 160, 42)
(253, 223, 184)
(189, 196, 221)
(137, 168, 216)
(133, 143, 199)
(87, 131, 211)
(168, 199, 235)
(255, 204, 140)
(124, 167, 225)
(109, 156, 224)
(181, 196, 215)
(246, 147, 20)
(190, 190, 230)
(250, 174, 78)
(254, 238, 219)
(139, 176, 223)
(199, 215, 231)
(161, 178, 235)
(147, 167, 196)
(170, 193, 226)
(255, 168, 55)
(170, 194, 234)
(253, 218, 174)
(152, 173, 218)
(156, 180, 222)
(252, 164, 52)
(117, 156, 208)
(254, 206, 144)
(255, 173, 60)
(254, 242, 227)
(125, 154, 214)
(113, 147, 222)
(158, 188, 212)
(209, 218, 236)
(160, 190, 217)
(200, 224, 245)
(251, 160, 43)
(177, 192, 242)
(153, 171, 234)
(249, 177, 85)
(105, 134, 207)
(142, 166, 202)
(255, 227, 181)
(142, 171, 223)
(117, 150, 218)
(128, 165, 212)
(169, 197, 211)
(110, 143, 213)
(156, 167, 214)
(253, 159, 37)
(255, 184, 92)
(249, 183, 98)
(251, 193, 120)
(210, 228, 239)
(124, 149, 223)
(255, 207, 135)
(208, 223, 238)
(255, 209, 149)
(253, 170, 64)
(253, 164, 49)
(132, 169, 220)
(170, 171, 221)
(248, 156, 38)
(134, 158, 221)
(251, 186, 103)
(156, 184, 229)
(248, 160, 48)
(114, 150, 225)
(255, 185, 91)
(251, 190, 113)
(125, 155, 205)
(250, 184, 99)
(121, 149, 214)
(253, 186, 101)
(120, 169, 224)
(213, 236, 248)
(210, 234, 250)
(127, 150, 194)
(163, 177, 209)
(202, 217, 225)
(183, 198, 225)
(252, 223, 186)
(213, 228, 245)
(253, 152, 24)
(255, 196, 114)
(152, 181, 206)
(112, 151, 220)
(200, 212, 232)
(199, 227, 246)
(249, 178, 88)
(122, 167, 228)
(167, 183, 233)
(197, 214, 248)
(114, 149, 210)
(252, 197, 126)
(255, 169, 61)
(161, 190, 224)
(160, 184, 208)
(115, 166, 229)
(205, 236, 250)
(255, 213, 160)
(137, 158, 208)
(255, 226, 183)
(172, 206, 233)
(115, 155, 219)
(255, 184, 85)
(125, 158, 211)
(124, 156, 222)
(115, 147, 214)
(255, 244, 231)
(251, 192, 118)
(146, 178, 227)
(127, 148, 219)
(117, 155, 219)
(135, 170, 225)
(191, 214, 242)
(207, 233, 245)
(251, 195, 124)
(188, 199, 240)
(254, 171, 66)
(255, 182, 88)
(222, 241, 249)
(254, 250, 245)
(175, 182, 216)
(253, 237, 216)
(251, 193, 118)
(158, 182, 206)
(172, 190, 225)
(249, 152, 26)
(253, 155, 29)
(166, 180, 209)
(143, 168, 208)
(202, 217, 246)
(255, 204, 126)
(252, 158, 37)
(250, 200, 138)
(134, 156, 208)
(153, 176, 222)
(146, 178, 218)
(254, 235, 209)
(249, 159, 44)
(180, 213, 233)
(255, 183, 91)
(249, 163, 54)
(255, 224, 180)
(255, 199, 115)
(250, 189, 111)
(182, 199, 243)
(116, 146, 208)
(195, 227, 247)
(254, 241, 223)
(135, 167, 221)
(163, 176, 216)
(191, 200, 243)
(247, 148, 23)
(255, 201, 130)
(121, 146, 211)
(148, 175, 219)
(111, 157, 224)
(247, 159, 44)
(205, 233, 249)
(253, 170, 63)
(254, 240, 221)
(248, 153, 32)
(255, 171, 64)
(177, 204, 230)
(254, 167, 55)
(127, 156, 215)
(111, 148, 226)
(121, 175, 234)
(247, 149, 24)
(251, 183, 96)
(226, 244, 251)
(138, 176, 233)
(253, 226, 192)
(220, 238, 253)
(158, 180, 220)
(255, 186, 94)
(251, 198, 130)
(253, 221, 178)
(117, 157, 221)
(103, 136, 218)
(248, 162, 50)
(251, 189, 110)
(129, 145, 201)
(157, 181, 204)
(191, 212, 246)
(249, 160, 48)
(162, 178, 227)
(116, 147, 217)
(208, 240, 250)
(189, 208, 220)
(253, 247, 238)
(164, 186, 216)
(253, 233, 208)
(248, 159, 45)
(134, 161, 220)
(251, 199, 134)
(254, 172, 68)
(253, 235, 211)
(187, 208, 230)
(116, 154, 212)
(155, 185, 202)
(182, 213, 244)
(248, 150, 26)
(250, 184, 100)
(189, 209, 232)
(255, 179, 80)
(250, 180, 93)
(147, 171, 196)
(105, 143, 224)
(131, 156, 204)
(255, 245, 231)
(252, 202, 137)
(221, 246, 251)
(254, 236, 212)
(151, 181, 222)
(130, 149, 220)
(115, 158, 216)
(146, 171, 214)
(97, 143, 218)
(157, 171, 211)
(152, 196, 242)
(137, 162, 216)
(184, 195, 221)
(157, 175, 210)
(255, 232, 199)
(125, 167, 208)
(158, 199, 236)
(255, 174, 71)
(121, 140, 201)
(118, 154, 222)
(133, 165, 213)
(130, 158, 211)
(255, 173, 56)
(253, 225, 189)
(255, 218, 169)
(255, 217, 167)
(254, 167, 56)
(186, 212, 238)
(224, 229, 251)
(254, 225, 188)
(255, 169, 58)
(248, 154, 33)
(181, 218, 243)
(154, 182, 205)
(183, 213, 232)
(168, 181, 224)
(226, 245, 251)
(251, 181, 90)
(153, 175, 233)
(181, 213, 232)
(128, 157, 225)
(113, 157, 223)
(251, 205, 146)
(208, 228, 246)
(249, 169, 68)
(111, 149, 225)
(191, 197, 233)
(188, 212, 231)
(132, 156, 221)
(254, 176, 73)
(141, 158, 228)
(128, 161, 218)
(195, 199, 226)
(250, 150, 24)
(230, 225, 240)
(247, 149, 22)
(252, 210, 155)
(253, 244, 231)
(254, 237, 207)
(208, 237, 252)
(202, 225, 243)
(255, 200, 118)
(253, 229, 198)
(255, 196, 109)
(252, 216, 170)
(217, 245, 253)
(89, 129, 211)
(208, 221, 237)
(208, 235, 247)
(102, 159, 226)
(255, 185, 95)
(188, 190, 232)
(255, 180, 80)
(250, 160, 45)
(147, 183, 209)
(183, 217, 243)
(111, 159, 217)
(180, 216, 241)
(255, 198, 121)
(250, 185, 103)
(255, 214, 155)
(252, 209, 155)
(201, 227, 240)
(156, 173, 201)
(251, 208, 153)
(255, 196, 118)
(116, 144, 199)
(158, 185, 200)
(255, 193, 113)
(139, 162, 210)
(255, 251, 246)
(157, 182, 222)
(179, 194, 214)
(129, 156, 230)
(153, 170, 207)
(129, 166, 222)
(254, 230, 193)
(248, 161, 51)
(253, 163, 49)
(168, 189, 228)
(253, 166, 55)
(180, 204, 237)
(255, 187, 102)
(249, 174, 79)
(142, 162, 206)
(250, 183, 97)
(255, 227, 184)
(214, 231, 240)
(179, 195, 210)
(248, 149, 21)
(183, 204, 216)
(255, 188, 99)
(212, 238, 248)
(186, 215, 235)
(249, 154, 35)
(248, 152, 29)
(159, 176, 220)
(255, 191, 107)
(124, 156, 218)
(253, 239, 220)
(180, 190, 227)
(186, 190, 232)
(249, 165, 58)
(250, 156, 34)
(250, 151, 25)
(167, 182, 207)
(120, 149, 215)
(183, 213, 230)
(127, 151, 200)
(249, 151, 26)
(255, 188, 92)
(129, 156, 212)
(147, 166, 208)
(161, 186, 199)
(167, 209, 248)
(248, 151, 28)
(255, 163, 45)
(166, 171, 223)
(108, 161, 215)
(252, 212, 162)
(123, 147, 200)
(252, 207, 148)
(249, 160, 47)
(195, 219, 242)
(129, 149, 225)
(255, 219, 171)
(123, 151, 223)
(254, 168, 59)
(251, 155, 32)
(248, 156, 40)
(255, 174, 59)
(105, 144, 218)
(251, 191, 115)
(161, 185, 204)
(155, 184, 205)
(95, 141, 220)
(137, 162, 202)
(253, 223, 185)
(179, 193, 223)
(163, 186, 214)
(253, 254, 255)
(165, 184, 211)
(251, 212, 161)
(192, 210, 242)
(116, 146, 220)
(163, 198, 214)
(124, 167, 224)
(253, 205, 144)
(115, 152, 209)
(252, 175, 75)
(246, 147, 19)
(249, 176, 81)
(122, 165, 221)
(159, 184, 208)
(255, 164, 45)
(186, 220, 236)
(205, 227, 243)
(249, 168, 66)
(247, 155, 38)
(247, 152, 30)
(247, 158, 42)
(255, 191, 98)
(255, 218, 172)
(253, 182, 90)
(136, 181, 236)
(255, 159, 33)
(249, 158, 42)
(226, 224, 245)
(253, 162, 47)
(249, 177, 82)
(202, 201, 229)
(173, 196, 218)
(163, 181, 205)
(253, 228, 193)
(129, 151, 194)
(182, 203, 231)
(253, 234, 209)
(127, 158, 219)
(249, 169, 65)
(190, 201, 236)
(183, 212, 234)
(135, 165, 235)
(203, 203, 240)
(226, 233, 243)
(251, 206, 147)
(156, 172, 220)
(188, 195, 244)
(164, 174, 220)
(182, 191, 232)
(252, 210, 156)
(211, 233, 250)
(173, 190, 217)
(116, 159, 222)
(161, 181, 207)
(126, 148, 210)
(120, 174, 232)
(248, 156, 39)
(255, 171, 56)
(153, 180, 220)
(254, 239, 219)
(171, 195, 232)
(151, 175, 233)
(178, 200, 234)
(254, 229, 199)
(252, 157, 35)
(247, 153, 32)
(247, 156, 40)
(133, 154, 216)
(189, 217, 235)
(158, 181, 202)
(114, 148, 216)
(147, 169, 201)
(247, 151, 28)
(191, 200, 224)
(106, 135, 205)
(250, 188, 109)
(251, 203, 141)
(253, 220, 177)
(161, 178, 227)
(151, 189, 221)
(180, 214, 244)
(165, 180, 227)
(249, 178, 87)
(254, 163, 46)
(122, 152, 213)
(168, 191, 230)
(151, 176, 234)
(194, 206, 241)
(126, 147, 206)
(187, 190, 231)
(162, 179, 216)
(254, 153, 24)
(217, 223, 245)
(209, 227, 246)
(165, 178, 203)
(182, 198, 237)
(255, 189, 104)
(181, 197, 223)
(135, 155, 211)
(168, 178, 236)
(252, 170, 65)
(255, 230, 191)
(199, 217, 234)
(181, 220, 244)
(175, 201, 215)
(232, 233, 242)
(184, 214, 243)
(231, 246, 250)
(122, 148, 210)
(255, 238, 217)
(137, 158, 215)
(175, 193, 226)
(252, 221, 182)
(158, 184, 208)
(254, 176, 77)
(135, 164, 227)
(255, 244, 230)
(251, 192, 117)
(197, 205, 231)
(208, 220, 246)
(169, 202, 234)
(183, 214, 243)
(138, 168, 215)
(129, 155, 210)
(159, 180, 203)
(96, 141, 219)
(164, 197, 235)
(125, 160, 213)
(255, 170, 59)
(125, 169, 239)
(153, 167, 215)
(123, 157, 199)
(251, 193, 119)
(124, 153, 211)
(253, 168, 60)
(120, 148, 226)
(182, 208, 238)
(255, 204, 125)
(255, 198, 125)
(253, 233, 206)
(176, 207, 230)
(188, 186, 229)
(163, 169, 201)
(251, 201, 138)
(129, 173, 223)
(185, 209, 231)
(126, 153, 221)
(187, 218, 238)
(169, 195, 229)
(251, 185, 101)
(255, 220, 169)
(146, 171, 219)
(251, 191, 116)
(123, 146, 202)
(255, 210, 150)
(223, 238, 246)
(252, 204, 142)
(187, 224, 251)
(255, 166, 51)
(188, 202, 231)
(167, 183, 225)